-210.759998
-209.963866
-218.427454
-211.362956
-211.388024
-211.021836
-210.942448
-209.019261
-210.389885
-110.564067
-210.168783
-209.036286
-210.761573
-213.579962
-208.066964
-228.280502
-209.515233
-211.932563
-208.562963
-211.282855
-208.557567
-209.486501
-211.074716
-210.043185
-208.730014
-212.637440
-221.551397
-213.880231
-200.309239
-141.179370
-210.145041
-211.054873
-211.743207
-211.940091
-209.789953
-210.416718
-210.097424
-210.058256
-210.284735
-210.342506
-211.694562
-216.560404
-208.671574
-209.342955
-210.287070
-207.009440
-208.999498
-208.026084
-207.628797
-208.110939
-210.104277
-210.917498
-209.871075
-206.363475
-208.914970
-210.437460
-209.713989
-208.313652
-201.199912
-205.639151
-207.546126
-202.057287
-209.463440
-211.046134
-210.295759
-219.348501
-211.050916
-211.699880
-213.072571
-210.187061
-209.936954
-209.651714
-210.434739
-209.789609
-208.819190
-210.826654
-208.816784
-198.891134
-211.102981
-204.675197
-214.321108
-214.676328
-206.832842
-221.583829
-207.907048
-208.572026
-209.553440
-210.820960
-210.112813
-210.243772
-210.935847
-210.769587
-210.528202
-209.817987
-209.757434
-209.606043
-210.227802
-213.035134
-211.691702
-208.875219
-209.384726
-210.021049
-210.058685
-211.409230
-211.850094
-212.151017
-209.413903
-210.978299
-208.089559
-181.179781
-210.751434
-222.627469
-210.107513
-211.265946
-208.831479
-209.258874
-209.751286
-240.724064
-209.968891
-209.944842
-208.020459
-217.944548
-209.288558
-212.105059
-206.519707
-213.118868
-209.974853
-211.006994
-214.628504
-214.441599
-208.409342
-212.609997
-206.805948
-211.269444
-210.454327
-210.499500
-201.976826
-209.363814
-210.621220
-211.375546
-213.997187
-210.247449
-213.022850
-209.118927
-210.432024
-210.475043
-210.530387
-210.465565
-210.733092
-209.896476
-208.604261
-210.137074
-235.093924
-216.666724
-207.048933
-209.785294
-208.951490
-211.782129
-208.424158
-207.032495
-209.941525
-212.129376
-208.415668
-214.770682
-209.229948
-212.880371
-209.622699
-210.799995
-209.858011
-206.941193
-210.180173
-209.393504
-210.414003
-210.669638
-211.282468
-210.791261
-210.307934
-210.652417
-209.870186
-211.526747
-211.175198
-214.655045
-212.066341
-210.810496
-212.041366
-211.135695
-208.897793
-209.055306
-211.256011
-210.324208
-210.662332
-210.778678
-209.691484
-210.837824
-210.150450
-208.676587
-209.885417
-209.972843
-211.210049
-211.511151
-211.131839
-210.615148
-209.165524
-209.198414
-210.540861
-188.917275
-209.344473
-210.327366
-210.394810
-211.432357
-210.434165
-211.641399
-209.596849
-210.520880
-209.946548
-213.024613
-206.361407
-212.540980
-211.180690
-225.986375
-204.083647
-204.645594
-211.025119
-206.938824
-208.176219
-384.966100
-209.112816
-211.712045
-211.966229
-210.670604
-208.614812
-209.574858
-210.874318
-167.559904
-207.575521
-208.891223
-210.330810
-210.440626
-210.064571
-210.410867
-209.297331
-209.820389
-210.495745
-211.058519
-212.725823
-210.084536
-210.369522
-208.831613
-209.773179
-210.432517
-209.716417
-208.581062
-209.510026
-209.547588
-211.909235
-209.806262
-207.964147
-209.795410
-138.757499
-210.715961
-213.421632
-213.256398
-209.382827
-214.370724
-209.654509
-210.115918
-181.026143
-209.873465
-212.304892
-208.161700
-210.375681
-209.030637
-210.435757
-209.861090
-208.621579
-207.709571
-227.123977
-209.736042
-205.158656
-210.184807
-210.917240
-209.814246
-214.214129
-210.583407
-210.227542
-209.942228
-208.668499
-210.896677
-219.907475
-209.967376
-210.696407
-211.514653
-201.201527
-210.880417
-210.528169
-212.967597
-213.035435
-209.755559
-210.431545
-212.985764
-220.450613
-204.967891
-201.008254
-208.371003
-211.640254
-210.576904
-210.547585
-208.930947
-213.946481
-202.408101
-211.039336
-209.304498
-209.738023
-221.532097
-212.166377
-211.037713
-210.488839
-209.796271
-211.644847
-214.507745
-209.476329
-206.817753
-210.487303
-214.166250
-212.022862
-209.955801
-202.980333
-210.649921
-210.257969
-210.038585
-210.069105
-209.860727
-208.254980
-210.104380
-273.909133
-210.929191
-209.504275
-210.421683
-210.126840
-211.265996
-167.057111
-211.027811
-208.754421
-211.069474
-208.728993
-209.533671
-216.100545
-206.674240
-205.521344
-211.828188
-209.522414
-210.148634
-210.880040
-209.813533
-209.857188
-200.249775
-210.011785
-213.633633
-210.429409
-209.815984
-209.950660
-210.657540
-210.182172
-209.273621
-210.430994
-210.360727
-210.545604
-210.448536
-212.987662
-209.601145
-208.287667
-211.904851
-209.927966
-210.055614
-210.670687
-245.005592
-210.241311
-227.477723
-210.118636
-212.914640
-282.871666
-208.707084
-210.121137
-210.438528
-209.825710
-210.369668
-212.005539
-210.184765
-209.789509
-208.933831
-237.016759
-209.377534
-209.226011
-211.416250
-211.611627
-211.391925
-212.512155
-209.398049
-210.084990
-209.325773
-209.029459
-209.305606
-211.911309
-209.654512
-210.049680
-210.079308
-209.284850
-207.748476
-208.642226
-209.346260
-211.791624
-209.565731
-207.147981
-210.263996
-209.360396
-208.242370
-220.926408
-211.115611
-207.114637
-206.778913
-210.986521
-210.396198
-191.410593
-216.515855
-210.014891
-214.184160
-207.761863
-210.304479
-209.886466
-203.979235
-209.199526
-210.381424
-208.087362
-210.027847
-212.184376
-210.003310
-210.015551
-210.067305
-209.521664
-210.786103
-209.199296
-208.492215
-210.045639
-209.578069
-208.784967
-198.428100
-210.670762
-205.203704
-207.284805
-211.700796
-209.418907
-209.297665
-207.690006
-209.114556
-209.979340
-210.720019
-209.204490
-209.563240
-209.267998
-209.836287
-210.907433
-210.428229
-212.565997
-213.453597
-212.139987
-210.157150
-208.425807
-210.567919
-209.082706
-208.218376
-210.229289
-211.294218
-210.912286
-208.212640
-207.489082
-190.736252
-209.743234
-208.863718
-209.954474
-209.301395
-218.570277
-210.145029
-210.729129
-210.679707
-210.728840
-211.154450
-228.350467
-209.744098
-206.862639
-212.653567
-218.405170
-209.547803
-222.686386
-210.060050
-213.002420
-211.915326
-210.439584
-211.596470
-211.700340
-212.047034
-209.616842
-212.036913
-209.295893
-209.485654
-210.359522
-209.693846
-209.849599
-206.066588
-211.199572
-209.326327
-213.930489
-210.248388
-211.471317
-209.759235
-213.712685
-209.935931
-215.543425
-201.949564
-212.293978
-208.508844
-210.773372
-209.447446
-209.833685
-212.224285
-230.576507
-209.943000
-207.995703
-211.022039
-208.737082
-215.353767
-206.401724
-243.983174
-207.270156
-208.489288
-211.324022
-222.304991
-207.139846
-210.415813
-205.247057
-214.207800
-211.365806
-247.859190
-210.305010
-192.799739
-208.860893
-210.227698
-217.044862
-210.980489
-219.695052
-209.544589
-209.149971
-208.444871
-197.628480
-204.451592
-210.216898
-211.890215
-210.162933
-211.865267
-209.064369
-212.051086
-207.634528
-209.492849
-209.883168
-209.961455
-210.818858
-209.920627
-210.596690
-209.422677
-211.567407
-209.772730
-207.903339
-188.474333
-209.963565
-209.798042
-212.595092
-214.370235
-210.185323
-210.047176
-209.225367
-211.897199
-210.096286
-209.364647
-211.062521
-210.144879
-210.394927
-314.512842
-212.889982
-210.719119
-211.743799
-209.952075
-204.546763
-211.236445
-210.124957
-210.781590
-207.610884
-210.335738
-236.965475
-209.639578
-244.133838
-212.431901
-209.506332
-200.521138
-209.071205
-220.660493
-206.430252
-209.546804
-207.541396
-208.774173
-195.642467
-209.857904
-249.730375
-209.643991
-210.413044
-213.755767
-209.146337
-210.314877
-208.098526
-211.366095
-207.699940
-213.986174
-218.737527
-215.440694
-210.055844
-211.520837
-208.843165
-210.892127
-209.103077
-209.776205
-209.849433
-210.271491
-207.981506
-212.276306
-214.401378
-207.471184
-222.240183
-209.664052
-210.674315
-212.317167
-211.494765
-209.965135
-210.571269
-216.490223
-210.714597
-209.388248
-208.564491
-210.941099
-235.695630
-209.596280
-206.993427
-209.842814
-210.123953
-209.634513
-211.162270
-204.150192
-209.637194
-208.884715
-212.640389
-213.062129
-211.265376
-210.240219
-208.776135
-210.366738
-209.874473
-210.239552
-209.828942
-209.823854
-208.677487
-209.749064
-207.659624
-207.333456
-210.064890
-231.197349
-210.866362
-213.525301
-209.968960
-210.960130
-205.102031
-208.228682
-208.742684
-209.339264
-209.735114
-210.276860
-208.022645
-121.884069
-213.942504
-210.277720
-207.279174
-209.206490
-211.192789
-205.344890
-209.095921
-211.610877
-210.199032
-212.313289
-210.274035
-208.585026
-188.702890
-209.481891
-209.803722
-213.100950
-222.888330
-203.729667
-213.186385
-209.711462
-203.270145
-210.328517
-211.524154
-210.949514
-211.312254
-208.541946
-207.232949
-211.877262
-230.511578
-209.764224
-216.264083
-209.986642
-210.662528
-209.840372
-210.012398
-183.584144
-211.086216
-203.872942
-212.117894
-209.514468
-206.311814
-211.039353
-211.169186
-209.646508
-209.172170
-209.906620
-210.309524
-210.997201
-211.118994
-210.180275
-211.345820
-211.176639
-210.168624
-210.167306
-226.006887
-210.765451
-210.703848
-209.336602
-208.756052
-212.819206
-209.401365
-209.420307
-207.489115
-209.722740
-201.196335
-211.573101
-211.873933
-210.478497
-209.798758
-214.883239
-210.552078
-163.737743
-206.578166
-212.444090
6819.391170
-209.751349
-211.253243
-210.399734
-157.918138
-209.721439
-211.062864
-210.671428
-210.465986
-210.668294
-218.696612
-210.031333
-206.685447
-208.817698
-207.554627
-209.426461
-180.695135
-212.385348
-211.220420
-212.711532
-209.239891
-213.184807
-235.076060
-209.046129
-208.869518
-209.347146
-209.940349
-209.192967
-209.865265
-255.545833
-211.129854
-210.883914
-210.137177
-205.377932
-209.805626
-207.400706
-229.075984
-211.503126
-211.952585
-208.617828
-209.825760
-209.746401
-210.047298
-211.518369
-207.950410
-214.196941
-208.357950
-216.964123
-206.361749
-208.739907
-210.893751
-209.360480
-209.303209
-207.989182
-209.940512
-210.539339
-209.750104
-210.386519
-210.520810
-210.514465
-211.343375
-211.121507
-210.145128
-217.071567
-206.301187
-208.950959
-209.990970
-208.702062
-208.836082
-210.502899
-207.294976
-210.179422
-209.989033
-210.167290
-210.351345
-209.382238
-211.152235
-210.985643
-201.259743
-209.434496
-206.703619
-210.617676
-203.479087
-210.290005
-210.365367
-222.882648
-207.723775
-209.192570
-208.030381
-210.537587
-209.874816
-210.769314
-211.168474
-208.884476
-210.530459
-206.712973
-209.310602
-210.330853
-209.158887
-205.894531
-204.878016
-210.280438
-210.296956
-210.192468
-210.141282
-210.249304
-210.031792
-209.900458
-210.176643
-210.266571
-209.686624
-209.052930
-211.526388
-210.689545
-209.611759
-210.031276
-207.929874
-208.384894
-210.280337
-209.721733
-209.322901
-204.804772
-211.039100
-208.913753
-209.451828
-352.796229
-211.967726
-210.558088
-214.750107
-210.145704
-209.245498
-210.410686
-210.055963
-209.867207
-213.102477
-210.531096
-208.951310
-208.383507
-211.383142
-209.752962
-207.163650
-174.689080
-208.914382
-210.237714
-209.778146
-214.747909
-209.035944
-242.544567
-208.469051
-211.315279
-210.728569
-213.133437
-209.899432
-210.710345
-207.182257
-211.302851
-207.328762
-209.722169
-209.658555
-211.605047
-210.416797
-217.740132
-209.576672
-209.906500
-209.641032
-207.473584
-211.824698
-212.348840
-208.889571
-212.061914
-208.242446
-209.591365
-209.514923
-211.930574
-211.276136
-222.919649
-210.253011
-210.512620
-209.220214
-211.284695
-209.533509
-210.381520
-210.145487
-211.699748
-209.845344
-209.745490
-218.201331
-211.130037
-210.077020
-209.866237
-214.488477
-210.260506
-210.755823
-209.357537
-209.731597
-209.900705
-206.476437
-208.797701
-210.899270
-208.787146
-211.565657
-210.650160
-210.617315
-208.619683
-215.112321
-225.322542
-216.619450
-213.049632
-210.502782
-209.825912
-222.601701
-211.329836
-206.158454
-209.190816
-209.575103
-209.741647
-209.635679
-209.172841
-209.713095
-209.877540
-215.192627
-209.973533
-214.505707
-218.510975
-211.657143
-208.835147
-209.181124
-210.823441
-207.857060
-212.230596
-210.624311
-212.148340
-219.311879
-209.802334
-209.761241
-208.992459
-207.525749
-207.267425
-209.568726
-210.526740
-209.125290
-204.656329
