0.928781
1.001684
1.022705
1.000188
0.997776
0.993988
0.972158
0.987450
1.004745
1.007613
0.967685
0.997591
1.006055
1.003854
0.995620
1.016424
1.014995
1.004440
1.004409
0.985090
1.006587
0.998888
1.000644
1.012243
0.999928
1.020052
0.986924
0.994733
0.990466
0.997475
1.009100
1.009305
1.001426
0.998992
0.985544
0.990742
0.958364
0.995837
0.987532
0.985788
0.973038
0.991801
0.957508
1.006437
0.980221
0.995136
0.996169
0.946678
1.004168
0.998556
0.995644
0.996983
0.979972
0.983096
1.008574
1.023260
0.971724
0.994882
0.991023
0.982366
0.986190
1.013672
0.960315
1.016857
0.974895
0.984973
0.960653
0.969690
0.982815
0.979697
1.017212
0.989598
1.003447
1.017500
0.982323
1.008640
1.004647
1.000273
0.988371
0.990138
0.998748
0.961097
0.992778
0.998424
0.992398
1.004793
0.983191
0.997338
1.011892
1.020256
0.948646
0.976989
0.994171
0.982666
0.981867
1.001266
1.036578
0.987671
0.978365
1.009729
1.004137
1.001619
0.968704
0.987017
0.997728
1.016044
0.979529
1.006200
1.018471
1.008524
0.945172
0.999552
1.015706
1.014662
1.013153
1.000594
0.993616
0.969001
1.014350
1.011870
1.006260
1.015510
1.002076
1.009368
1.004535
0.932780
1.011737
0.999398
1.015779
0.954215
1.006250
0.969698
0.992473
1.003782
0.992917
1.003756
0.991506
1.005774
0.968080
0.960740
1.006149
0.954238
0.986246
0.995830
1.015272
0.990983
0.989138
0.973604
0.987667
0.993498
0.983727
0.995753
0.988851
1.010991
1.023062
1.010410
0.992961
0.985878
0.971977
0.952854
1.019055
0.993531
1.014083
1.002124
1.003143
0.992804
0.981285
0.988586
1.013063
0.987082
1.014869
1.007864
0.988174
1.011852
0.993400
0.996033
1.007220
0.947368
0.995874
0.940015
0.989674
0.981611
0.967330
1.002132
1.006629
0.971478
1.002478
0.996241
0.965658
0.982216
0.978494
0.990249
1.006833
0.992342
1.003936
0.967027
0.995017
0.996698
1.008913
1.003144
1.018969
0.995690
1.010347
1.008728
1.016263
0.985758
0.976872
0.971368
1.004536
1.016213
0.929251
0.986780
0.966186
0.982149
1.022440
0.979757
1.021408
0.983710
0.978900
0.999260
1.007883
0.973561
0.987750
1.011594
0.991398
0.988843
0.987448
0.994632
0.979542
0.961141
1.016127
1.001071
1.011850
0.999595
0.964519
0.971608
1.004280
1.000760
1.017023
0.974692
1.004891
0.989474
0.960735
1.007733
0.989753
1.005670
1.003045
1.012781
0.992939
0.994654
0.934632
0.972348
1.016585
0.989356
0.999727
1.011071
0.990829
1.030860
1.010179
1.015928
1.011310
1.011395
0.983950
0.998463
0.977127
1.008728
0.965704
1.016700
1.015977
1.017272
0.994596
0.993951
0.964313
1.004427
1.005720
0.990322
1.002861
0.978704
0.961802
0.977292
0.993933
0.958638
1.012076
1.011630
1.006172
1.001642
0.992872
0.972952
1.002367
0.963101
0.944349
1.002662
1.005082
0.981574
0.983379
0.986833
1.023759
0.994227
0.982009
1.002857
0.983390
1.017013
0.955667
1.001031
0.989782
1.010593
0.988996
1.001151
1.015971
0.973588
1.011170
0.985378
1.010020
1.003190
0.994688
0.966010
0.996070
1.012399
1.023064
1.022867
0.966234
0.995211
0.981278
0.987903
0.973257
0.912468
0.985358
0.948752
0.943303
0.981412
1.013129
1.002652
0.988858
1.013569
0.991956
0.997923
1.002641
0.994931
1.000595
0.981362
1.008744
1.000403
0.983435
1.017501
1.022324
0.998921
0.988337
0.976451
0.989392
1.006282
0.974448
0.971196
0.992940
0.976069
0.977771
0.988899
1.017408
1.006027
0.987746
1.018576
1.024507
0.972663
0.983450
0.988010
0.956307
0.982669
0.960140
1.008954
0.993763
1.007263
1.005735
1.004205
0.947634
1.009175
0.997771
1.003883
0.976198
1.016330
1.013462
0.982954
0.986925
1.020991
1.000563
0.954288
0.995979
0.994053
0.993621
0.987842
1.010737
0.974551
1.007824
0.949558
1.002988
1.004218
0.979160
0.983784
1.003517
0.979122
0.995948
1.016000
0.980878
1.020639
0.931335
0.963082
1.000715
1.003479
0.915143
0.971104
1.018056
1.001801
0.999099
0.981133
1.005217
1.024053
1.001847
0.998264
0.962911
0.962171
0.999421
1.011511
0.996857
0.999691
0.992851
0.993453
0.996418
0.992133
0.981619
0.998220
0.975110
1.010520
1.004124
0.981136
0.991319
0.963804
1.015588
0.961814
0.975757
0.992612
1.004888
0.984241
0.982943
0.997469
1.005732
0.988473
1.013723
0.949371
0.996867
0.967570
0.942716
0.980238
0.989110
1.008422
1.017542
0.984214
0.970356
0.989372
1.006471
0.990105
1.019212
1.013290
1.018946
0.997180
0.987108
1.024967
1.012612
1.018203
1.005009
0.969801
0.939638
1.012701
1.018785
1.003822
0.997988
0.965654
0.994821
0.982383
1.012697
1.013523
1.005450
0.990222
0.953646
0.999244
0.981436
0.967282
0.997445
0.961837
0.995894
0.990028
0.996136
1.006523
1.009087
0.999988
1.004029
0.958803
1.002032
1.016187
1.011468
1.003440
0.991246
0.991025
1.025124
1.028808
1.014149
0.946611
0.995893
1.012120
0.995335
0.983010
0.972837
0.994920
0.984199
0.993058
1.000041
0.979272
1.009400
0.997356
1.013479
0.974588
0.965091
0.987836
0.988004
1.012886
1.018900
0.990776
0.979682
0.996820
1.007773
0.972825
0.985428
0.992063
0.990267
0.995236
1.019671
1.011898
0.994035
0.996107
0.965909
0.980383
1.004693
1.013100
0.970494
0.988896
0.994833
0.987820
1.012948
1.008452
0.994014
0.983114
0.999124
1.023328
0.947730
0.968494
0.999974
0.984123
0.975362
0.927573
1.016253
0.997579
0.970888
0.975505
1.018590
1.013763
0.998193
0.988998
0.985451
1.016154
0.931121
0.992302
0.998512
1.007121
0.980930
0.977774
0.958408
0.990630
0.982324
0.968916
0.966999
0.983589
0.984131
0.993289
0.962456
1.017512
1.004050
0.998897
0.991078
0.981977
0.989088
1.007775
1.011111
1.019463
1.006421
0.986223
1.008917
0.988027
0.987413
0.980466
0.957182
0.996660
0.987178
0.977460
1.017541
0.970321
0.971833
1.010554
0.988350
0.994934
0.997761
0.976794
0.988707
0.996411
0.977280
0.988918
1.008155
0.987571
0.992847
1.003468
1.000265
0.989778
0.965983
0.991122
0.974750
1.011367
1.002120
0.989751
1.005060
1.005926
0.995214
0.986700
1.008730
0.977185
1.002190
0.994062
0.965414
0.989042
1.002651
1.008081
1.002709
1.008812
1.001619
0.976462
1.002726
1.009443
1.003951
1.016416
0.996858
0.987822
1.012531
0.966402
1.004125
0.980835
0.996159
1.016510
0.983907
1.015572
1.011401
0.958206
1.007173
1.005815
0.998167
0.977431
0.980714
1.001325
1.015687
0.986522
1.009921
1.017640
0.980074
0.975147
1.011932
0.991144
0.974765
1.001171
0.993196
1.012050
0.976151
0.968108
0.924846
0.998306
0.964153
1.012677
1.020263
1.014694
0.957547
0.991508
1.015350
1.005714
0.997191
0.982820
1.020849
0.985026
0.992707
0.990762
1.012716
1.029379
0.998243
0.966333
0.999023
0.981988
0.983530
0.986168
0.991511
1.005030
1.011359
0.975074
1.016448
0.995917
0.973100
0.995183
0.991661
0.989059
1.002095
1.003249
0.988109
1.002111
0.993905
1.009655
0.994420
1.024249
1.005340
0.995993
0.978298
1.014704
1.001698
1.018433
0.990846
1.001876
0.977322
1.013280
0.989656
0.975971
1.018038
1.015845
0.985737
1.012786
0.966164
0.945726
1.003419
0.996332
1.001689
1.016035
0.993386
1.012871
0.988957
0.997671
0.983108
1.004098
0.973866
1.011967
0.990058
0.983473
1.013234
0.979002
0.989703
0.978470
0.997420
0.982591
0.960898
1.003627
0.994919
0.989575
0.970088
0.986397
0.978241
0.949322
0.967700
0.985845
1.000664
0.970006
1.002720
0.955454
0.995758
1.018354
1.008531
0.988000
0.997550
0.988775
0.978928
1.003100
0.979939
0.983587
1.021321
0.980087
0.973709
0.979077
0.982515
0.978111
0.936324
1.008473
0.957393
0.999240
0.978429
0.974614
0.979320
0.970016
0.999933
0.982365
1.002358
1.001464
0.991632
0.961216
1.002221
1.006289
0.942969
0.997251
1.001131
0.994085
0.946949
1.017120
1.016323
1.000281
0.949829
0.976186
0.959599
0.992133
0.954314
1.015455
0.953251
1.007620
1.018900
1.014135
0.997845
1.006027
0.998892
1.012812
0.966739
0.991690
1.012029
1.021893
1.019826
0.995225
0.999368
0.992123
1.008400
0.949733
0.980640
0.989403
0.970957
0.999158
0.996323
1.012493
0.990288
1.017398
0.988419
1.011935
0.945949
1.003146
1.009615
0.972176
0.988811
0.953469
0.978733
0.989357
1.003437
0.977390
0.997421
1.010571
0.989213
0.963569
0.992884
0.996032
0.985918
0.992996
0.995746
1.012458
0.988730
0.975364
1.014565
0.997797
0.979607
0.936102
1.020974
1.003385
1.002922
0.996084
0.997586
0.974921
0.967708
1.013358
0.998809
0.977578
0.996209
0.991891
1.013554
0.976405
1.004999
0.963282
1.012173
1.010544
0.976423
0.987326
0.968625
0.979852
1.005461
0.936161
0.991040
0.996738
0.983565
0.974622
0.987237
0.984966
0.957441
0.984890
0.950900
0.975383
0.983377
0.990952
1.004337
0.987355
0.987550
0.981132
1.004649
1.016790
0.994746
0.992966
0.974557
1.009352
0.999383
1.018385
1.023047
1.028027
1.006083
1.014225
0.954940
1.002701
0.995518
0.940931
0.967914
0.990457
0.996457
0.995811
1.000553
1.010328
1.006238
1.011043
1.017860
0.979611
1.020450
0.986445
1.018230
0.991943
0.926243
1.021532
1.008795
1.006871
0.978215
1.012374
1.024661
0.983185
0.926973
0.979483
1.009087
1.010175
0.997839
0.990328
0.992204
0.939970
0.993072
1.001371
1.008047
0.974373
0.953118
0.989445
1.011526
0.995191
0.998816
1.014180
1.001393
1.012318
0.938950
1.005967
0.991334
0.982675
0.971610
0.982256
0.969429
0.996971
1.001036
1.004886
1.007047
0.995627
1.016950
1.009479
1.017377
1.009231
0.995035
0.953262
1.007490
0.981392
0.963208
1.012431
0.999285
0.992378
0.992989
1.005875
1.008331
1.022018
1.001123
0.997621
1.007758
1.024558
0.981575
0.986187
1.026928
0.992433
1.007122
1.022553
1.001841
1.001002
1.004855
0.992239
0.984667
1.018022
0.959119
1.004101
0.991465
1.015049
0.961637
0.997753
1.006633
1.005774
0.986258
1.006493
0.995731
1.004408
0.985041
1.018959
0.984144
0.956425
1.013541
0.990208
1.017997
1.002026
0.985012
0.977457
0.981483
0.989405
0.995628
0.995244
1.008077
0.970807
1.002448
0.962184
1.005891
1.006333
0.973861
0.988329
0.958534
0.980202
1.023511
0.986723
0.994468
0.998597
0.937577
0.993010
1.005014
0.991626
0.999222
0.979463
0.965225
0.994921
1.008871
0.998597
1.009730
1.026097
0.992449
0.989189
1.011590
0.990567
1.005496
1.009911
0.996589
1.000448
0.940162
0.998569
0.967801
1.006400
0.977329
0.977560
0.996853
1.007263
1.013071
0.986862
1.012983
1.009981
1.007432
0.972947
0.965054
0.986420
0.999883
1.006771
1.016216
0.990278
0.982827
1.006652
1.012848
0.979494
0.997908
1.012639
0.998597
0.981382
1.015243
1.002378
0.970298
0.979439
1.005661
1.010641
0.949674
1.006917
0.988648
0.984955
1.000331
0.974738
1.003793
0.992975
0.989827
1.001162
0.982396
0.992049
0.981825
1.019618
1.004086
0.979356
1.009757
0.961384
0.958070
1.016845
0.979709
0.962268
1.006400
0.997231
1.002795
1.001228
0.996770
1.011451
0.933989
0.985056
0.964908
0.990313
0.985228
0.999430
0.993914
0.990451
0.974420
0.988182
0.998494
0.989527
0.975107
1.011634
1.015677
0.980918
1.015313
1.004013
1.002819
0.976458
0.999207
0.905565
1.021728
0.952318
0.984313
0.956431
1.009830
1.020573
1.003054
1.000846
0.990787
0.973059
0.994208
1.001275
0.997340
1.001231
1.001804
0.992093
1.003017
1.013970
0.994184
0.996021
1.026185
0.988337
1.012208
1.009391
1.020208
0.991928
0.982551
0.959130
0.977822
0.983310
1.014362
0.979416
0.973316
0.987850
1.000262
0.983767
0.997619
0.994850
0.999224
0.940041
1.013464
0.972660
0.978224
0.998951
0.986001
0.938515
1.006939
0.985420
1.008423
1.003920
0.992688
0.979572
1.010115
0.996552
1.013864
1.004767
1.006108
1.014001
1.030521
1.001732
0.978295
1.011349
0.990198
1.007359
0.991521
0.971117
0.988708
1.011342
0.998383
0.993154
1.011088
1.008087
0.990604
0.978011
0.970093
0.974216
0.982324
1.006632
0.945763
1.016203
0.986815
1.004744
1.007388
0.973392
0.952529
0.985325
0.980309
0.994264
0.963518
0.958490
1.007509
0.997647
0.955428
0.987115
1.000785
0.964763
1.014754
0.987950
0.943739
1.008053
0.996684
1.002960
0.992666
1.010351
1.000023
0.973105
1.007180
0.990378
0.966097
0.968353
0.975142
0.912656
0.999712
1.021789
0.980925
0.967106
1.009607
0.992219
0.981269
0.957048
0.999785
0.976976
0.998620
0.979153
0.991369
0.935582
1.010206
0.972843
0.998616
1.006202
0.959824
0.984275
0.993058
1.014606
1.000939
1.001529
0.997733
1.019513
0.969907
0.950161
0.997280
1.010467
0.990454
0.968912
0.975623
1.011052
0.972734
1.005885
1.003093
1.007311
0.938475
1.015921
0.971260
0.988857
0.985444
0.960488
0.956452
0.994178
1.001054
0.960823
1.003733
0.982853
0.990741
0.930575
1.000316
0.990105
0.968629
0.966356
1.003446
0.950622
0.982349
0.991384
0.996765
0.993052
1.013743
0.975012
0.986093
1.007962
1.002288
0.986384
1.013304
0.975669
1.004416
0.991325
1.005106
0.970965
0.985182
1.019131
1.010100
0.927927
1.019640
0.961910
1.001199
0.990888
0.952233
1.004537
1.011445
1.000376
0.994401
1.011438
1.004814
0.949445
1.004812
1.018575
0.954216
0.996511
1.001108
0.966213
0.995664
0.994141
1.008243
0.990231
0.977155
0.962293
0.980806
1.001419
1.015507
1.024998
1.008055
0.984618
0.999999
0.946839
0.979008
1.021889
0.942797
0.991710
1.003359
0.994485
1.002747
0.955643
0.973986
1.000072
0.950346
0.979317
0.985004
0.966003
0.983924
0.980319
0.982713
0.999608
0.986296
0.996389
1.012697
0.999920
1.016144
1.019050
0.986719
0.971481
0.997592
1.011504
1.011876
0.996295
0.982310
1.010535
0.977701
0.961630
1.010042
1.022293
0.956493
0.983891
1.025366
1.003936
0.930609
0.987047
1.005132
0.990138
0.972933
0.997124
0.994936
0.999711
1.004025
0.968802
0.990400
0.964287
0.993200
0.976773
0.993215
1.016559
1.004199
1.018583
1.019998
1.002651
1.015719
0.985068
1.006043
0.973056
1.010435
0.976610
0.978189
1.011526
1.008346
1.007390
0.983990
0.973652
0.923799
0.992582
1.021102
1.002937
1.001971
0.998079
1.007946
0.984967
1.009062
0.996937
0.979621
0.992308
0.991188
0.958656
0.982809
1.014516
1.001293
0.900248
0.981605
0.974235
1.019229
0.992549
0.993295
1.020528
0.950190
0.941284
0.994974
1.001116
0.990053
1.000983
0.998123
0.978431
1.004474
0.998481
1.016673
1.000122
1.006289
0.999572
0.984970
0.976236
0.955283
0.939597
0.996141
0.995188
0.972188
0.946922
0.987563
0.964792
0.986913
0.995314
0.990833
1.002214
1.000239
0.999415
0.986133
0.967689
0.967673
1.008875
1.019886
0.984758
0.938080
1.002929
1.003169
0.986096
0.995020
1.008211
0.975987
0.978347
0.973626
0.986830
0.983789
0.995759
1.006234
1.004541
0.968953
0.972034
0.972114
0.988866
0.968001
0.996368
0.998795
1.014042
0.987322
0.969440
0.993475
1.002499
0.961881
0.997658
0.975137
1.002657
1.013373
1.010518
0.996198
0.981646
1.022237
1.025879
0.996879
1.016348
1.007603
1.006927
0.978100
0.994197
1.014286
0.981109
0.969874
1.007173
1.009672
1.003771
0.989409
1.010824
0.990088
0.943070
1.016443
0.987975
0.970913
1.002217
0.994117
0.994868
1.010181
0.997722
0.965557
1.006530
0.987860
0.971199
0.989042
1.014446
1.010038
1.011165
1.007458
1.003299
0.950403
0.994375
0.987640
0.989970
1.001049
0.986781
1.006802
0.987808
0.981535
1.019477
0.984589
0.979370
1.027953
1.018494
0.974260
0.994329
0.976087
0.946549
1.005626
0.989152
0.960030
1.003812
0.979251
0.983697
0.991206
1.000852
0.984981
0.930564
0.924741
1.002701
1.015041
0.961769
0.978368
0.979929
0.927376
0.997767
0.973269
0.984388
1.014716
1.001163
1.001859
1.019937
1.012578
1.013662
0.980436
0.987836
1.005459
0.984300
1.018218
0.977142
1.011793
0.954741
0.988021
0.996445
0.992205
1.005203
1.013893
0.973637
0.946083
1.008124
0.994889
0.969659
0.977873
0.987866
0.973617
0.990570
1.011493
1.001357
0.986602
0.982529
1.004607
1.014566
0.961842
1.007064
1.022451
0.997246
0.992046
0.983130
0.937326
1.010233
1.007368
0.943073
0.989587
0.986503
0.995830
0.969527
0.994015
1.001085
0.942282
0.978372
0.963705
1.002862
0.991290
1.011429
0.978219
1.006151
0.981181
1.002795
0.982570
0.945657
1.007650
1.018829
1.003199
0.997511
0.989430
1.015813
1.001213
0.989312
1.007386
1.000450
1.004731
0.966711
0.956584
0.988632
1.000796
0.993116
0.988082
1.008033
0.977623
0.989197
0.986967
0.993086
0.999984
0.993141
0.943751
0.914593
0.974326
0.973177
1.002290
0.990830
1.003729
0.981577
1.004183
1.000191
0.942427
0.995806
0.986837
1.000722
0.973959
0.995473
0.958993
1.006478
0.965467
1.019308
0.998325
1.008559
1.011895
0.994039
0.944401
0.993756
0.978395
0.980184
1.020827
0.986687
0.987924
0.994244
1.006834
1.005266
0.942389
0.991003
1.021294
0.993944
1.008297
1.007943
0.988426
0.987516
1.011181
0.999680
0.999547
0.966476
0.989066
1.006702
1.021372
0.978422
0.965164
0.984706
0.987505
1.006991
0.960708
0.991369
0.971625
1.007777
1.003751
0.938813
0.984316
0.985159
0.976151
0.993083
0.991389
1.005684
0.957824
0.985897
1.010817
1.006912
0.974875
0.988244
0.988775
1.002951
0.979591
1.010885
0.994970
1.008492
1.005949
1.012011
0.987662
0.977075
1.022058
0.986934
0.979461
1.003404
1.008465
1.001243
1.005485
0.975996
1.015002
0.998269
0.992253
1.012215
0.928173
0.976845
1.013588
0.989332
0.977922
1.012533
0.992137
1.016918
1.006869
0.999907
1.009534
0.993708
0.996892
1.009105
1.005532
0.967984
0.993948
1.024822
1.011412
0.963785
0.952587
1.024149
1.024759
1.000358
0.956769
0.985453
1.003315
0.966956
1.000857
1.006668
0.962940
1.002023
0.950253
0.976537
0.987879
0.913769
0.982307
0.974808
0.988507
1.011073
1.007021
1.009693
1.008689
0.979660
0.988824
0.989234
1.005431
1.011917
0.982915
0.995806
1.019537
1.002665
0.981135
1.000933
0.995991
0.996406
0.994949
0.976780
0.986182
1.005894
1.024458
0.996276
0.969686
1.015190
0.965085
1.017519
0.982922
0.970680
0.980924
0.994319
0.997800
0.963909
1.028707
0.990413
1.013700
0.992966
0.983455
1.006554
0.990592
0.992466
0.996790
0.998791
0.993724
0.958589
0.998007
0.990007
1.004955
0.991417
0.977053
0.970887
0.999403
0.982710
0.975044
0.998923
1.004610
0.959878
0.998946
0.997950
0.952582
0.990706
0.988401
0.988738
0.991323
0.973806
1.011330
0.979046
0.991238
1.011672
1.017815
0.988746
1.005661
0.978054
1.004218
1.000063
0.989728
0.974280
0.982534
0.984258
0.984131
1.002778
0.988050
0.995661
0.969716
0.996293
0.956529
1.006687
0.978713
1.008078
0.990037
1.003879
0.987142
0.952806
0.908180
0.999118
1.007182
1.006322
1.002908
0.967349
1.010602
0.973055
0.999348
1.002251
0.990802
1.025417
0.991256
1.014678
0.983028
0.965772
1.014036
0.948454
1.002531
1.013491
1.017562
0.962254
0.992666
1.007824
0.990497
1.013450
0.990892
1.011033
0.999649
0.969508
1.006135
1.008218
0.998291
1.000515
0.992970
0.992379
0.954713
0.964716
0.964432
1.005196
0.966550
1.004914
0.998245
1.025186
0.996346
0.997659
1.001206
0.995964
0.933734
1.001898
0.992425
0.974714
0.994375
0.979328
1.003467
0.984682
0.988429
1.019453
0.971052
0.996109
1.020659
0.943932
0.988124
0.976579
1.019123
1.024346
0.996548
0.995660
0.992685
1.004365
0.997397
1.008082
1.002678
1.009668
0.996781
0.975804
0.991521
0.966779
1.005211
0.995767
0.998529
0.987367
1.010136
0.970710
0.976218
0.959674
0.996889
0.968033
0.966709
0.979902
1.004727
0.993639
0.976960
0.977376
1.007662
0.984825
0.992440
1.002605
0.951481
0.922074
1.020324
1.000572
0.979940
0.988923
0.997453
1.005209
0.987669
1.014024
0.989469
1.002968
0.980691
0.977946
1.001032
0.968854
0.991059
1.005086
0.931923
1.003631
0.943285
0.985291
0.987614
0.989865
1.005785
1.006268
0.982591
1.009010
1.006413
0.981314
0.953576
0.977918
1.014580
0.998441
0.977067
0.984157
0.945068
1.005017
0.958816
0.957776
1.007826
1.004843
0.962775
0.998809
0.990627
1.001444
1.001672
0.974443
0.961593
0.998696
0.999334
0.950968
0.994830
0.970495
0.970728
0.972765
1.009091
0.963075
0.995229
0.997138
0.981873
0.955696
0.979576
0.989079
0.975940
0.993499
1.003535
0.977512
1.011207
1.008938
1.002778
0.998365
0.986822
0.995811
0.950232
1.021009
0.999609
1.024967
0.999389
0.993435
0.989874
0.966982
0.934513
1.007331
0.974556
0.968602
1.001125
0.987733
0.961862
1.016506
1.002169
1.003574
0.987135
1.014639
0.961723
1.003215
1.007914
1.018238
0.964973
0.982879
0.985558
1.006299
0.969032
0.961346
0.987718
1.015480
1.015912
1.023019
1.014055
0.993962
1.010164
0.976490
0.993302
1.009988
1.000853
0.979025
0.993336
0.989901
0.977329
0.995272
1.011348
0.998221
1.015124
0.986314
0.960281
0.980235
0.969913
1.003207
0.993677
1.002768
0.982528
0.990129
1.009977
1.004255
0.965904
0.990862
0.990593
1.001862
0.974039
1.018623
0.995950
0.966458
1.018437
0.994046
0.974633
0.973622
0.928456
1.001788
1.004602
0.994204
0.957318
1.004006
0.978137
1.006828
0.970570
0.999929
1.001335
1.006180
1.000382
1.017741
0.974961
1.001680
1.017433
1.002550
1.011515
0.992924
0.922307
1.006070
0.944653
0.997216
0.996973
1.014939
1.013331
0.972902
1.011777
0.993603
0.971717
1.011843
1.015923
1.019880
0.999970
1.007164
0.977504
0.979444
1.002527
0.956011
0.997046
0.987261
0.992313
0.990248
0.972698
0.986662
0.995065
0.979624
0.985366
1.021331
0.962539
0.966260
0.947291
1.001984
0.958620
0.981169
0.972759
1.006449
1.013226
0.985684
0.965771
0.952027
1.035890
0.982704
1.005168
1.017066
1.023172
0.978030
0.937223
0.994553
0.998297
0.998734
0.999896
1.018879
1.002144
1.002887
0.976927
0.980476
0.997229
1.009867
0.974380
0.949015
1.009804
0.978025
1.019388
1.011049
1.015464
0.977246
0.992950
1.005535
0.993907
1.006512
0.979132
0.983998
0.996388
0.959889
1.023694
0.982711
1.019211
1.001121
1.009809
0.970391
0.977408
0.999326
0.986496
0.950549
0.993617
1.011351
1.005264
0.941025
0.984375
0.989794
0.969268
0.993258
0.985300
0.999006
0.982578
0.978596
0.960428
0.993886
0.979696
0.993221
1.002831
0.989686
0.974687
1.003248
1.014524
0.976716
1.004597
0.944450
0.990203
0.991742
0.988980
1.004066
0.989957
0.968467
0.974814
0.997449
1.024435
1.005302
1.008173
0.997849
0.986077
0.995534
0.966378
0.988435
0.994090
0.998080
1.006903
0.971696
0.993366
1.011047
0.976991
1.003117
1.000709
1.013408
0.995222
0.976665
1.005992
1.000507
0.982484
0.980319
0.966171
1.006524
0.961114
1.009828
0.982025
0.977458
0.970725
1.001647
1.022654
0.997962
1.001761
1.006233
0.993711
0.996791
0.966484
0.984866
0.991251
0.928638
0.987855
0.986788
0.995654
0.970880
1.000506
0.993042
0.994914
0.987218
0.923462
1.014367
0.925926
0.982679
0.999617
0.966958
0.969148
1.004695
1.011659
1.010096
0.961475
0.994407
1.012759
0.973707
0.981381
0.987782
1.003943
0.985783
0.998215
0.980705
0.995867
0.982047
1.001609
0.984545
1.015845
1.011777
0.985792
1.004904
1.004094
0.982633
1.003202
0.951286
0.994384
1.025168
0.961239
0.990991
0.987860
1.009651
0.969109
1.008108
0.990608
0.996801
1.013525
1.001099
0.986483
0.994752
1.015249
1.017120
0.966233
0.994056
0.994033
0.993544
1.007241
1.004185
0.999347
0.986072
0.998580
1.002669
0.999422
0.984481
0.982000
0.992562
1.002787
0.967514
0.972249
0.978235
0.987159
1.014721
0.992887
1.003700
1.004282
1.010252
0.953632
0.990047
1.019555
1.004972
0.938628
1.010877
0.997021
1.018714
0.992558
1.017822
0.959563
0.993155
0.993561
0.989064
0.976215
1.022369
0.992225
1.002377
0.995633
0.995259
0.980408
0.985093
0.999225
1.019010
1.022918
0.985703
0.985767
0.999322
0.951921
0.950820
0.993975
0.984737
0.995361
1.011471
1.022142
0.995530
0.990114
0.985506
1.016804
0.985537
0.975891
1.012813
1.019610
0.953202
0.947964
0.965615
0.978210
1.007013
0.992806
0.960287
1.003269
0.990227
1.002716
0.982294
0.954263
0.997251
1.000634
0.938676
0.929424
1.003898
1.002407
0.995280
1.011509
1.001295
0.962848
0.936744
0.972799
0.990712
0.987790
0.986908
0.993597
1.007263
1.003065
0.968892
1.000283
1.004035
0.933050
1.021615
1.007198
1.004786
0.986532
0.985823
0.973448
0.995390
0.982975
0.992648
0.946961
1.023424
0.992499
0.930819
0.973683
0.990550
1.009221
1.018595
0.976050
0.997280
0.997649
1.016365
1.014804
1.006419
1.014186
0.917679
1.001026
1.012654
1.005504
1.007381
0.978745
1.000378
0.946289
0.956471
0.990865
1.018772
0.966190
0.992117
0.968441
0.988490
1.016897
1.004352
1.009315
1.002180
0.937187
1.008816
0.960662
1.002744
0.988327
0.998349
0.983123
0.989773
0.985399
0.995225
0.991378
1.018207
0.980388
0.995960
1.022197
1.004125
1.001891
1.016331
1.035598
1.004672
1.016927
1.009711
0.965285
1.000053
0.947481
0.993732
0.961296
1.006092
0.988948
0.954229
0.964273
0.985820
0.993909
1.024500
1.001214
1.007353
1.001259
0.988941
0.989669
1.007439
0.973876
1.000434
0.971865
1.022379
0.980287
1.000550
0.998809
1.019308
1.007725
0.998111
0.999743
1.009239
0.999700
1.002464
1.025409
0.992879
0.945600
0.988769
0.999806
0.987931
0.982684
0.978978
0.982998
0.984867
1.001067
0.994217
0.963900
1.024049
0.995482
0.979724
0.999283
0.969981
0.935305
0.968459
1.005545
1.003653
0.997491
0.996107
0.996835
0.968026
0.994996
0.954268
0.975250
1.018459
1.007251
0.989412
1.003856
1.019736
0.992102
1.009301
1.028579
0.982218
0.985912
0.968867
0.978816
0.987299
0.998471
1.007208
0.987788
0.995518
0.968515
1.025673
0.993298
0.968721
1.006661
0.999289
1.005505
1.007917
0.918565
0.995313
1.020304
0.945700
0.934658
0.971463
0.999961
0.993718
0.961027
0.963078
0.984692
0.993127
1.005762
0.992840
0.981518
1.009359
0.994346
0.972476
0.986195
0.972445
0.988666
0.989638
1.004728
1.002533
0.948556
1.016363
1.012648
0.996839
1.007221
0.983699
0.973509
0.986844
1.000531
0.976112
1.004877
1.003340
0.912416
0.997654
1.010897
0.950672
1.024186
1.000354
0.994409
0.989471
0.999953
1.009756
1.000496
0.999776
1.007123
1.000064
0.981230
0.977630
0.968809
0.974619
0.962515
1.001343
1.000412
0.986338
0.978312
0.955963
0.977001
0.993951
0.967811
1.015415
1.001209
0.963984
1.004529
1.019513
1.003176
1.006061
0.983228
1.001181
0.998975
0.992755
0.993466
0.952516
1.007170
0.989769
0.968093
0.993341
1.013761
0.968985
1.015236
0.998755
1.007976
0.979635
0.951129
1.003453
0.989423
1.014144
1.013286
0.999770
1.012480
0.980268
0.996164
0.951313
0.999037
0.959791
0.989830
0.992906
0.992587
1.013947
0.994334
1.001564
1.003260
0.986882
0.968795
0.988298
1.003500
0.981846
1.014643
1.023650
0.992313
1.014801
0.982446
0.994730
1.018834
1.004335
0.986350
0.980113
1.013269
0.998500
0.999718
0.934656
1.004213
0.986390
0.992962
1.012352
0.994727
0.958809
0.989841
0.995047
0.988314
0.983098
0.990945
1.003535
0.991721
1.004153
0.978572
0.916295
0.977576
1.012879
0.965717
1.000651
0.982152
0.983540
1.000274
0.969532
1.004625
0.976341
0.993824
0.957087
0.975565
0.963810
0.991127
0.973989
0.970375
1.006211
1.004204
1.001887
0.996655
1.002331
0.983677
0.997366
0.998199
0.994926
1.012211
0.969252
0.989475
0.986065
0.995272
0.960982
1.023186
0.995384
1.012300
1.010608
0.976359
0.983075
0.995024
0.995228
0.994207
1.004524
0.970258
0.943307
0.953008
1.013987
0.970073
1.010629
1.002087
0.990915
1.000710
0.991310
1.013776
0.979019
0.988493
0.998813
1.005248
0.994557
0.990764
0.967391
0.984379
0.941104
0.999401
0.986427
0.994261
1.007430
0.995579
0.997519
0.987177
0.990245
0.962309
0.987878
0.991974
1.005029
1.005600
1.029436
0.990183
1.007136
0.992019
0.977293
0.984044
1.014249
0.995849
0.969918
1.004828
1.019507
0.984047
1.014231
1.013269
1.016329
1.000430
0.984312
1.010387
1.017012
0.971291
0.971024
1.005231
1.012579
1.010440
0.967882
1.001524
1.005684
0.981111
1.016353
0.990556
0.987614
1.010808
0.985875
0.996102
0.982163
0.983828
0.997430
0.970426
0.982308
1.004579
0.986770
1.008595
1.006949
1.000289
1.028189
1.016238
1.005045
0.968742
1.009826
1.019660
1.005905
0.991717
0.992044
1.011734
0.996840
0.987461
1.012597
0.981620
0.918072
0.932512
1.012099
0.948488
0.981641
0.966114
0.988473
0.982037
0.977685
1.009557
1.015718
0.986029
0.970953
1.001234
1.013088
0.979602
1.019768
0.996597
0.980039
0.999967
1.014447
0.989742
0.931390
0.998568
1.006022
1.002110
1.007054
0.997739
0.976576
0.999283
1.022341
1.006619
1.020602
1.006895
0.993205
0.961114
0.996625
1.010182
0.982625
0.998661
1.016383
1.013090
0.996524
0.995752
0.983240
0.990294
0.999747
0.993930
0.979846
0.950569
1.012483
1.002736
1.022644
1.017903
1.015428
0.990331
1.016529
0.989917
0.979495
0.991683
0.980116
1.015199
0.983902
0.974707
0.994233
1.018674
1.001444
0.991113
1.001930
0.975013
0.998673
1.006601
1.005295
1.008661
0.968079
0.992014
1.012646
0.997749
1.012297
0.996484
0.993320
0.996971
0.991091
0.989206
0.996929
0.935584
0.991833
1.006810
0.962940
0.930485
0.968566
0.963984
0.966478
0.974397
1.003055
0.993002
0.975384
0.975679
0.991307
0.997618
0.943944
1.004862
1.011618
0.988474
0.979378
0.975615
0.993933
1.018788
0.970779
0.977269
0.988689
1.031896
1.001477
0.936362
1.008093
1.019196
0.972496
0.979296
0.958875
1.008594
0.945536
0.984622
0.995039
0.996559
0.980108
1.013352
0.985126
0.973500
1.024958
0.965089
1.012311
0.985280
0.942104
0.959456
0.998068
0.939627
0.957219
0.995807
0.994517
0.972563
1.018609
0.961042
1.003145
0.957481
0.954681
1.004649
0.947739
1.014358
0.959917
0.973890
1.003178
0.993781
0.896128
0.977874
0.995260
0.978211
0.996563
0.987114
0.990022
1.003631
0.976802
0.986718
0.988343
1.015974
0.921993
1.019806
0.990848
0.982076
0.993110
0.998141
0.990242
0.995950
0.988445
1.004523
1.002422
0.997392
0.938939
0.988404
0.995582
0.975960
1.004550
0.996281
0.984668
1.007375
0.977585
0.987705
0.995527
1.018382
0.988168
0.987974
0.993394
0.991806
1.001928
0.972302
0.993674
1.019085
0.993178
0.989720
0.982885
0.971309
1.003979
0.996907
0.986510
1.005889
0.988036
0.981819
0.992945
0.966204
0.984544
0.979979
1.011917
0.992320
0.988571
0.993976
1.009182
1.016342
0.994109
0.986210
1.005259
0.978971
1.013267
1.014915
0.964835
1.007643
1.003966
0.975846
0.953026
1.010484
0.982997
0.989001
0.992173
0.974489
1.008936
0.988879
0.997837
0.988657
0.970897
1.009146
0.997384
1.003361
1.008809
0.986423
0.999330
0.943288
1.021668
0.999815
0.972065
0.987913
1.006723
1.001302
1.000363
1.014057
0.997095
0.990004
0.956003
0.963919
0.991129
0.970715
0.995133
0.984634
0.961984
0.981459
0.999734
1.010534
0.996592
0.967923
0.956530
1.002791
0.988798
1.008162
0.980102
1.007795
0.996547
0.963471
1.003519
1.027048
1.011593
0.947337
0.985014
1.009247
0.973947
0.998855
1.008967
1.021048
0.943877
1.006964
0.971783
0.986008
0.998328
0.989473
0.976947
1.016242
1.004198
0.983225
0.974731
1.014469
0.990251
1.009210
0.999993
0.999604
1.016395
0.932022
1.025040
0.948908
1.009158
0.986091
1.011398
0.982278
0.986424
1.003300
0.980368
0.985018
0.984241
0.981493
0.982536
1.008907
0.982995
0.986848
0.997941
0.998489
0.979039
1.008178
0.984988
1.002593
0.969774
1.024121
1.012524
1.006113
1.020299
0.981919
0.980121
1.011221
0.984644
0.991243
0.976625
1.009505
1.009572
1.013904
1.004303
1.014603
0.961124
1.009034
1.014686
0.992711
0.989305
1.009642
1.001805
1.008675
0.990565
0.974009
0.989805
0.975131
1.008207
1.002228
0.953968
0.998274
0.995721
0.994550
1.003426
0.998581
1.005370
1.002448
1.000610
0.992657
1.001461
1.000686
1.000057
0.984908
0.987776
1.018500
0.987902
1.007438
1.001071
1.006267
0.957401
1.017664
0.982427
0.992729
1.014067
1.010889
0.993762
0.977567
1.006120
0.976156
1.003354
0.984047
0.989029
1.004412
0.999882
1.023162
1.021219
0.967245
0.990857
0.991977
1.019600
0.976896
1.009995
0.982993
0.971250
1.020342
1.005244
0.993732
0.995921
0.982770
1.015985
1.009322
1.015949
0.958198
0.982748
0.982672
0.978991
0.987269
0.945581
1.024064
1.018341
0.988158
0.968644
0.924801
0.996589
1.009373
0.981964
0.995793
1.002579
0.986276
1.003146
0.983472
1.006194
0.990988
0.973176
1.019556
0.993722
1.011668
0.993437
1.019902
1.000775
1.015555
0.982304
0.985714
1.001219
0.990481
0.997529
0.995756
1.019712
0.989958
0.986204
0.979071
0.975866
0.982050
0.998343
0.982777
0.977603
0.988613
1.004052
0.976463
1.006049
0.942793
0.982534
1.000573
0.980738
1.012843
0.989865
1.001681
0.982416
1.019247
0.991344
0.978555
0.992420
1.010111
0.978531
0.986207
0.997415
1.006115
0.995505
1.005779
1.002054
1.005223
0.991903
0.969156
1.024851
0.992384
0.999320
0.993430
1.022541
0.965649
1.014715
1.005340
1.002782
0.967443
1.010454
1.005790
0.969001
0.990074
0.969642
0.994702
0.959620
0.994806
0.997224
0.969770
1.008237
0.998161
0.987351
1.002131
0.992906
0.964980
0.997182
0.989322
1.011072
0.970377
0.974799
0.929970
0.993868
1.017460
0.930679
0.914504
0.986554
1.013899
1.011544
0.994920
0.994692
1.001845
0.988922
0.990376
1.005340
0.985108
0.979497
0.977157
1.012004
1.005849
0.969488
0.985726
1.006049
0.980204
1.010174
1.017960
0.986271
1.005387
0.995083
0.990816
0.985950
0.945447
0.978576
0.973339
1.000995
1.016735
0.979656
1.005617
0.988132
0.984207
0.963393
0.988332
0.981468
0.982704
0.953097
1.003249
1.009142
0.984603
0.985058
0.981569
1.029138
0.996674
0.984426
0.995612
1.015860
0.995186
0.981216
1.003399
0.944599
0.984196
0.955461
0.995055
1.016911
1.020142
1.011546
0.987452
1.013454
1.005543
0.978899
1.021234
0.991937
1.006646
0.995951
0.992503
0.955703
1.005499
1.008435
1.003791
0.979693
1.015048
0.998434
0.973776
0.974032
1.001591
0.986052
0.961506
0.959659
1.017781
0.954631
0.983322
0.968061
1.010821
1.017919
1.006369
1.003691
1.000958
0.985856
0.988260
0.984148
0.959875
0.995974
0.998036
1.008025
0.940229
1.017467
0.925976
0.948753
1.003082
1.004188
1.009715
1.010121
1.000225
0.966197
0.953813
1.002365
0.970730
0.985449
0.976067
1.017419
1.013572
1.014867
1.002355
0.999117
0.997100
0.982613
1.000158
0.996654
0.991431
0.955444
1.001060
1.014150
1.005454
0.979823
0.958906
0.976342
0.969183
0.991380
1.009057
1.005663
0.991760
0.995155
0.985214
0.961637
1.003195
0.976615
0.965140
1.017854
1.014476
0.975986
0.995517
0.973593
1.011932
1.009680
0.998489
0.962091
0.997568
1.024860
1.008350
0.998568
0.980885
1.006936
0.964672
1.014006
0.976534
0.987470
1.013097
0.985399
0.937497
0.983192
0.981748
0.939893
0.991239
1.016634
0.997497
1.001508
1.004094
1.025106
1.012068
0.997459
0.995743
0.973784
1.009255
0.981360
0.938015
0.975661
1.006604
0.989930
0.984923
0.997008
0.979892
1.022207
0.988544
0.974274
0.999544
1.009546
0.978148
0.999939
0.988618
1.004053
0.972917
1.007908
1.003574
1.000145
1.003298
1.016983
0.977682
1.012023
0.963581
0.982099
